-8.271143436431884766e-01 2.471888780593872070e+00 -8.205449581146240234e-01 -8.242292404174804688e-01
2.474163055419921875e+00 -8.183934688568115234e-01 -8.278241157531738281e-01 -8.279447555541992188e-01
-8.215947151184082031e-01 2.471713066101074219e+00 -8.271462917327880859e-01 -8.229722976684570312e-01
-8.229906558990478516e-01 -8.245234489440917969e-01 -8.266007900238037109e-01 2.474114418029785156e+00
-8.184580802917480469e-01 -8.242835998535156250e-01 -8.272843360900878906e-01 2.470026254653930664e+00
2.474843025207519531e+00 -8.296513557434082031e-01 -8.276870250701904297e-01 -8.175046443939208984e-01
-8.314130306243896484e-01 2.467132568359375000e+00 -8.209927082061767578e-01 -8.147268295288085938e-01
2.470642089843750000e+00 -8.195044994354248047e-01 -8.226420879364013672e-01 -8.284952640533447266e-01
2.474674224853515625e+00 -8.237071037292480469e-01 -8.243689537048339844e-01 -8.265976905822753906e-01
-8.315885066986083984e-01 2.475786447525024414e+00 -8.157894611358642578e-01 -8.284087181091308594e-01
-8.300445079803466797e-01 2.471253395080566406e+00 -8.182585239410400391e-01 -8.229503631591796875e-01
2.469832420349121094e+00 -8.224165439605712891e-01 -8.267915248870849609e-01 -8.206241130828857422e-01
-8.131153583526611328e-01 2.472208499908447266e+00 -8.293654918670654297e-01 -8.297276496887207031e-01
-8.291583061218261719e-01 -8.161649703979492188e-01 -8.256988525390625000e-01 2.471022844314575195e+00
-8.193204402923583984e-01 2.472473859786987305e+00 -8.259751796722412109e-01 -8.271789550781250000e-01
2.474797725677490234e+00 -8.245015144348144531e-01 -8.197882175445556641e-01 -8.305079936981201172e-01
-8.302156925201416016e-01 -8.205335140228271484e-01 -8.185665607452392578e-01 2.469316005706787109e+00
-8.194177150726318359e-01 -8.212952613830566406e-01 -8.277597427368164062e-01 2.468471765518188477e+00
-8.261921405792236328e-01 2.468688011169433594e+00 -8.246343135833740234e-01 -8.178615570068359375e-01
-8.222529888153076172e-01 -8.194634914398193359e-01 2.475205659866333008e+00 -8.334891796112060547e-01
-8.233761787414550781e-01 -8.264338970184326172e-01 -8.200891017913818359e-01 2.469898939132690430e+00
-8.201851844787597656e-01 -8.248562812805175781e-01 2.471338510513305664e+00 -8.262977600097656250e-01
-8.288247585296630859e-01 -8.149538040161132812e-01 -8.289153575897216797e-01 2.472694158554077148e+00
-8.209242820739746094e-01 -8.238639831542968750e-01 -8.288030624389648438e-01 2.473591566085815430e+00
2.470816135406494141e+00 -8.281939029693603516e-01 -8.197417259216308594e-01 -8.228805065155029297e-01
-8.214855194091796875e-01 -8.269999027252197266e-01 -8.219039440155029297e-01 2.470389604568481445e+00
2.473415613174438477e+00 -8.201785087585449219e-01 -8.261818885803222656e-01 -8.270554542541503906e-01
-8.233966827392578125e-01 2.473332643508911133e+00 -8.318684101104736328e-01 -8.180670738220214844e-01
-8.185763359069824219e-01 -8.283855915069580078e-01 2.472367286682128906e+00 -8.254055976867675781e-01
-8.192446231842041016e-01 -8.289368152618408203e-01 2.471975088119506836e+00 -8.237938880920410156e-01
-8.216183185577392578e-01 -8.244130611419677734e-01 -8.289375305175781250e-01 2.474969625473022461e+00
-8.215925693511962891e-01 -8.325214385986328125e-01 2.475586652755737305e+00 -8.214726448059082031e-01
-8.177113533020019531e-01 -8.282213211059570312e-01 2.470818758010864258e+00 -8.248858451843261719e-01
-8.212146759033203125e-01 -8.226180076599121094e-01 2.468634128570556641e+00 -8.248012065887451172e-01
-8.222374916076660156e-01 -8.268959522247314453e-01 -8.241884708404541016e-01 2.473321676254272461e+00
2.471453666687011719e+00 -8.255372047424316406e-01 -8.240065574645996094e-01 -8.219094276428222656e-01
-8.236021995544433594e-01 -8.191826343536376953e-01 2.469533920288085938e+00 -8.267498016357421875e-01
2.469193458557128906e+00 -8.247954845428466797e-01 -8.186137676239013672e-01 -8.257844448089599609e-01
-8.181571960449218750e-01 -8.299567699432373047e-01 -8.187217712402343750e-01 2.466835737228393555e+00
-8.224718570709228516e-01 -8.241245746612548828e-01 -8.280119895935058594e-01 2.474608898162841797e+00
-8.280162811279296875e-01 -8.207311630249023438e-01 2.470673799514770508e+00 -8.219265937805175781e-01
-8.228869438171386719e-01 2.471811771392822266e+00 -8.258581161499023438e-01 -8.230667114257812500e-01
-8.185176849365234375e-01 -8.337731361389160156e-01 -8.182494640350341797e-01 2.470539808273315430e+00
-8.249042034149169922e-01 2.472946405410766602e+00 -8.216335773468017578e-01 -8.264083862304687500e-01
2.469764232635498047e+00 -8.249306678771972656e-01 -8.233134746551513672e-01 -8.215196132659912109e-01
