-8.092698454856872559e-02 8.601812273263931274e-02 9.783545136451721191e-02 -1.029265820980072021e-01
1.682458370923995972e-01 5.656844377517700195e-02 -2.459663152694702148e-02 -2.002176642417907715e-01
-7.879742980003356934e-02 1.468086838722229004e-01 -8.577427268028259277e-02 1.776304841041564941e-02
-1.513664424419403076e-01 1.916194260120391846e-01 -4.654332995414733887e-02 6.290346384048461914e-03
-9.997596591711044312e-02 -2.162894308567047119e-01 1.954966485500335693e-01 1.207687333226203918e-01
1.287543922662734985e-01 7.878914475440979004e-04 -2.394638955593109131e-01 1.099216118454933167e-01
3.691259622573852539e-01 1.737140268087387085e-01 -3.946188688278198242e-01 -1.482211351394653320e-01
9.896057844161987305e-02 -5.959365516901016235e-02 -8.827827125787734985e-02 4.891135543584823608e-02
4.160728454589843750e-01 -7.070550322532653809e-02 -1.217970252037048340e-02 -3.331876695156097412e-01
4.989479482173919678e-02 1.735977269709110260e-02 3.491590917110443115e-02 -1.021704822778701782e-01
-2.136757969856262207e-02 6.614194065332412720e-02 -4.082229733467102051e-02 -3.952056169509887695e-03
5.602782964706420898e-01 -5.660700798034667969e-01 3.857023715972900391e-01 -3.799104690551757812e-01
-1.933339238166809082e-01 1.719536036252975464e-01 6.678408384323120117e-02 -4.540377855300903320e-02
-7.990282773971557617e-02 -1.699427962303161621e-01 2.964192628860473633e-02 2.202037274837493896e-01
2.791593968868255615e-02 2.049508392810821533e-01 -4.215790331363677979e-02 -1.907088905572891235e-01
8.264369964599609375e-01 1.719047427177429199e-01 -1.210595130920410156e+00 2.122535109519958496e-01
1.050656959414482117e-01 -6.613386422395706177e-02 9.627692401409149170e-03 -4.855951666831970215e-02
-1.123148947954177856e-01 -6.187077239155769348e-02 2.084136456251144409e-01 -3.422797098755836487e-02
-6.219327449798583984e-03 1.107888892292976379e-01 -7.444113492965698242e-02 -3.012841939926147461e-02
-1.192986965179443359e-02 -3.547394275665283203e-02 1.831763982772827148e-01 -1.357725858688354492e-01
-9.201328456401824951e-02 4.865677654743194580e-02 -1.507925242185592651e-01 1.941490471363067627e-01
-2.496412545442581177e-01 8.796900510787963867e-04 1.564722061157226562e-01 9.228937327861785889e-02
1.096664518117904663e-01 -7.855786383152008057e-02 -2.378221899271011353e-01 2.067136168479919434e-01
-4.309752583503723145e-01 -1.791618466377258301e-01 9.915989637374877930e-02 5.109772086143493652e-01
7.560172677040100098e-02 1.693260222673416138e-01 7.333321869373321533e-02 -3.182609677314758301e-01
2.833052575588226318e-01 -2.402853071689605713e-01 -2.955907881259918213e-01 2.525708079338073730e-01
2.143917083740234375e-01 5.200283229351043701e-02 -1.248784810304641724e-01 -1.415160447359085083e-01
-2.117787003517150879e-01 1.679379045963287354e-01 -1.868611574172973633e-02 6.252688169479370117e-02
6.918370723724365234e-02 -2.924560308456420898e-01 1.667591333389282227e-01 5.651319026947021484e-02
3.615073859691619873e-03 3.969924896955490112e-02 8.954234421253204346e-02 -1.328566670417785645e-01
3.418922722339630127e-01 -3.151344954967498779e-01 -2.613179385662078857e-01 2.345601320266723633e-01
-5.031381845474243164e-01 3.273612260818481445e-01 7.296723127365112305e-02 1.028097718954086304e-01
1.476670056581497192e-01 -4.777399897575378418e-01 9.799768030643463135e-02 2.320752888917922974e-01
9.359306097030639648e-02 -3.619151711463928223e-01 3.124963641166687012e-01 -4.417425394058227539e-02
-2.858656942844390869e-01 -3.701068460941314697e-01 3.108843266963958740e-01 3.450881838798522949e-01
5.083630084991455078e-01 1.084271967411041260e-01 3.824516832828521729e-01 -9.992419481277465820e-01
-4.332834780216217041e-01 -2.721580564975738525e-01 4.495905935764312744e-01 2.558508813381195068e-01
1.892585754394531250e-01 -1.845136284828186035e-02 1.801920831203460693e-01 -3.509992659091949463e-01
-8.790433406829833984e-03 -1.099836230278015137e-01 -6.268185377120971680e-02 1.814559251070022583e-01
1.662630438804626465e-01 1.840116381645202637e-01 -6.947897076606750488e-01 3.445149660110473633e-01
1.052480265498161316e-01 1.022224873304367065e-02 -8.711496740579605103e-02 -2.835530787706375122e-02
-1.533069759607315063e-01 1.125243082642555237e-01 4.199264943599700928e-02 -1.209989190101623535e-03
1.515916138887405396e-01 -5.916261076927185059e-01 2.024689465761184692e-01 2.375655472278594971e-01
-8.036962151527404785e-02 1.564952731132507324e-01 -1.908308565616607666e-01 1.147051751613616943e-01
1.310248076915740967e-01 -1.242434829473495483e-01 -7.612799108028411865e-02 6.934668123722076416e-02
